.Random.seed <-
c(403L, 10L, -1387254451L, 646615047L, 1239220206L, -733788472L, 
-222152245L, 1804119081L, 477624952L, -1799657562L, -1666420287L, 
-1679776173L, 1089203458L, -295789516L, -95928905L, 1301893549L, 
-886213948L, -221354262L, -874919595L, -1957437713L, 211197174L, 
150735904L, 439160291L, 2020535937L, 1148733680L, -2105325682L, 
-1014957831L, 504521355L, -1209638214L, -2071048772L, 1350399743L, 
-665355691L, 137018732L, -1838598718L, -1946716643L, 2032299671L, 
-1115953154L, 1943532472L, -1634078821L, -537840135L, 1033123144L, 
-205406090L, -264327759L, -858745885L, -928624462L, 110804228L, 
-1493410233L, -244602595L, 56403860L, -1011143878L, 1105835909L, 
-1332517793L, -78614810L, -1282927248L, 2087640723L, 1803298609L, 
1340120544L, 747260542L, -195798775L, -1190036677L, -1316728054L, 
1727331052L, -510003345L, 1002813605L, -149900708L, -2059353550L, 
614885677L, 188149735L, -1277716722L, 823478504L, 267115243L, 
-60984439L, -1054863592L, 298349126L, 1276064417L, 1154856243L, 
-1319973726L, -504814700L, -1727546857L, -106152435L, 1779735332L, 
488146698L, 1172736629L, -2097841713L, 1704936150L, -2115099008L, 
-2056214333L, 1516045921L, 64872144L, 1504397358L, -17891879L, 
651141611L, -1738005414L, 1193090588L, -1783156961L, 547783541L, 
405711372L, 891464674L, -2129405763L, -1939617993L, 367693790L, 
1338162456L, 2067894395L, 1139967513L, -658329944L, 1126751318L, 
-1500448559L, 967648387L, -885831918L, 1662411428L, 150482535L, 
-1220501571L, 954372404L, 347247258L, -1316630299L, -1430760833L, 
1348508678L, 1617555344L, -700050893L, 693307857L, 1053481856L, 
-1298819490L, -1514418775L, -1088037797L, 1120617578L, 673201420L, 
-318578865L, -643490811L, -47742276L, -820653166L, -1273950067L, 
-1095096633L, 1559506862L, -1094919672L, -1095066101L, -1664149783L, 
-1045433928L, 913378918L, 1812777729L, -83518061L, 82392642L, 
648178164L, 1094276087L, 1544792045L, -1844363132L, -737798486L, 
1234357269L, 864189615L, -1721650506L, -1706397472L, -985875421L, 
849920833L, 1584746032L, 2143022158L, 838149305L, 1232806091L, 
1716014458L, 2078576764L, 1973138623L, -420068971L, 640534956L, 
-1208394878L, 20898141L, -1185914793L, 399341374L, 598212472L, 
382686299L, -1810177095L, 1279697416L, 1743669430L, 431353841L, 
1648941603L, -422620558L, 888195268L, 1834737287L, -1827760547L, 
-2095695788L, -379663750L, 1415688645L, -683810017L, 406572710L, 
-574070736L, -378486061L, 1141111025L, -494566368L, 2065498814L, 
1583408841L, -760011653L, -1964729782L, -1385980244L, -500246097L, 
1399992677L, 958258972L, 908034930L, -2057043987L, 1101754407L, 
-748246962L, 382209192L, -433691989L, -559667255L, 1247189976L, 
-415012218L, -1894691999L, 751832819L, 737071458L, -206270508L, 
490183383L, 1551835341L, 828610660L, -796789174L, 130663349L, 
886316815L, -1426154474L, 1214768832L, 146145411L, -1952269151L, 
-1349381488L, 1530941806L, 1910918937L, 1714521003L, 1654878618L, 
-675216036L, -1946993569L, 2021180469L, -1573748788L, -1656112350L, 
-78199427L, 247072375L, 908140446L, 1084623092L, 1414580114L, 
-166986656L, -456360692L, 1337280224L, 743824738L, -115293528L, 
-1362929076L, 788313980L, -1310921934L, -159662480L, -353026748L, 
894598104L, 402542714L, 860792368L, -376534340L, 1501751124L, 
-1531585982L, -611996768L, 1904937148L, -687660592L, 230606178L, 
-2002758680L, -1105627188L, 1453700860L, 196268018L, 152951936L, 
-1597744908L, -1361415032L, -29727430L, -28589232L, -1267299220L, 
259801236L, 794368338L, 432783072L, 1231319244L, 628127904L, 
-624346750L, -1234978584L, -641533716L, 775436348L, -1889861518L, 
293234800L, 2074952228L, 589234744L, -1577416166L, -598511408L, 
-663259588L, -662385516L, -1203809150L, 56854464L, -1986384580L, 
-2133287280L, 931312674L, -292646904L, 865246348L, 1838972956L, 
-1339095918L, 2075929728L, 17179668L, 156656424L, 1713976378L, 
674737360L, -887319444L, -81840460L, 1608466450L, 668565472L, 
1775627212L, -347333152L, -1171239902L, 1766462760L, 1751709964L, 
-2098475460L, 1888437490L, 1417746672L, -441379004L, 1781518424L, 
-1202396614L, -525203216L, 543007420L, -468628972L, -1930425150L, 
-892692896L, -358455940L, 1408902352L, 1601213474L, -755242840L, 
689216908L, 2063532476L, 70109234L, 1508332352L, 1454939828L, 
1158091080L, 1445532346L, -871866608L, 1484710124L, 1440659540L, 
-1353529582L, -410926688L, 509618124L, -642801824L, 750488770L, 
1546636840L, 1876224428L, 1966515004L, 1654342514L, 1743949616L, 
627974180L, -1646436808L, -1532316966L, -439240816L, 1415959804L, 
1238494612L, -1656388798L, -2106226176L, 796444732L, 404890192L, 
1819943074L, -2058984632L, -760301044L, 4709084L, -616714158L, 
-892334976L, 15583060L, 1760927720L, -251186438L, 1366206288L, 
-2141305812L, 1088588148L, -1025028462L, -1198439840L, -1661357940L, 
87085408L, -715622174L, 1413737640L, 1806907084L, -1625916932L, 
-408130638L, -1772403728L, 10895812L, -675316392L, 228766074L, 
881996208L, -374822468L, -752656812L, 925055426L, 728834848L, 
-2029612100L, 491630672L, 722836450L, -708919448L, 1301100364L, 
-1292636420L, 488089330L, -1666081536L, 1362943092L, -1148563960L, 
-1266276934L, -496966192L, -1582340116L, -1732531308L, -1742042926L, 
-1149619104L, 1580395852L, -79178976L, -1858172286L, -1242213912L, 
1550900204L, -563294660L, 1091126898L, 319597424L, 1335307556L, 
-890496456L, -1080622694L, 1097084368L, -1985395268L, -986173804L, 
-523881854L, -287593024L, -568125636L, 2145223312L, 1639311138L, 
700777992L, 977527564L, -1958046820L, -740713454L, 1439705984L, 
-1504449772L, 1520891176L, 724828218L, -1308412976L, 1287109228L, 
550571060L, 1480519826L, 513300832L, 1521851724L, 234141152L, 
-383788126L, -90457176L, -344052596L, 967861180L, 861492338L, 
-403609616L, -1497631676L, -435984296L, 663785530L, -208705424L, 
-44282308L, -1415461100L, 684550850L, 1927123680L, 1858012284L, 
-799822640L, -92421214L, 2129952296L, 1696534796L, -536643652L, 
1487831346L, -1062987584L, -461147596L, 1900702408L, 2081903290L, 
901061776L, -685492500L, 1440904788L, 2130917010L, -964335840L, 
1833754976L, -1848248119L, -1423844357L, 463166412L, 620697178L, 
-200574129L, -248647143L, 963776558L, 1503288892L, 1750422445L, 
-1971004329L, 1096358304L, 148849406L, -506113589L, 1917360077L, 
1694161658L, 964935992L, 1811294945L, -159326829L, -1575975500L, 
-119482686L, -1331906857L, -315279583L, 882454246L, 1423960036L, 
-1852614891L, 237326143L, 1111681752L, -955756810L, 1140713731L, 
-2101724603L, 2097265250L, 2041928144L, -658241799L, 1324438571L, 
-1836477540L, 1862388682L, 1431471295L, -281369079L, 823815966L, 
853677772L, 140146333L, 1114555175L, -583897776L, 1546458094L, 
1327766683L, -1600293123L, 738721258L, -1479242104L, 1770764337L, 
1754759843L, 209963684L, -1304323246L, -1591971161L, -1151906063L, 
-1000792522L, 1675133652L, 172349029L, 223413359L, -136151384L, 
1515478022L, -368154317L, 1014789525L, 639523314L, -920971712L, 
-449235031L, 1248016923L, -1452305428L, -636259334L, 1931771951L, 
2092118073L, -1793736114L, -1220640100L, -724203507L, 1408930935L, 
740344960L, 1574408926L, 1323844011L, -1949369683L, -1527980262L, 
-291274792L, 113560641L, -1547846925L, 1576008980L, 718293154L, 
-1667988041L, -435971711L, -1983471738L, 418680260L, -117641995L, 
1983776095L, -1086806088L, 321817238L, -147082077L, -1696952731L, 
-845153406L, 894875888L, 63873177L, -1443497845L, -1270128260L, 
-468705366L, -1726128161L, 1515621737L, -333811330L, 1576198508L, 
-448472643L, 779258503L, -1646047632L, -1630104306L, 693860923L, 
-1966128867L, -911150134L, 935521512L, 1770672081L, -1003527741L, 
-1761948988L, 342231410L, -2036607929L, -1422165999L, 1682792854L, 
1065039092L, 1749008005L, -23521329L, -371616056L, 830590822L, 
851850643L, 956057333L, 955246290L, 2040672544L, 23863561L, -1247443397L, 
1080417164L, 1712142874L, 1163135631L, 757503449L, -1536787858L, 
-855283204L, 1068960621L, -130722537L, -979902240L, -970467650L, 
-1756867445L, 458367757L, 551519034L, -1736574088L, -1603139295L, 
572154323L, 506712308L, 1474294146L, -1806339049L, -431136031L, 
